name                                Free
time_taken_hours                        
chest_count_in_chest_cycle              
rare_chance                           10
epic_chance                          200
legendary_chance                    4000
random_spells                          3
       Arena       Cards    Min Gold    Max Gold    Avg Gold     Commons       Rares       Epics     Leggies  Card Worth       Value
        1.00        3.00       21.00       24.00       22.50        2.68        0.30        0.01        0.00       26.68       49.18
        2.00        4.05       28.35       32.40       30.38        3.62        0.41        0.02        0.00       36.02       66.40
        3.00        5.10       35.70       40.80       38.25        4.56        0.51        0.03        0.00       45.36       83.61
        4.00        6.00       42.00       48.00       45.00        5.37        0.60        0.03        0.00       53.37       98.37
        5.00        6.90       48.30       55.20       51.75        6.17        0.69        0.03        0.00       61.37      113.12
        6.00        7.80       54.60       62.40       58.50        6.98        0.78        0.04        0.00       69.38      127.88
        7.00        8.70       60.90       69.60       65.25        7.78        0.87        0.04        0.00       77.38      142.63
        8.00        9.60       67.20       76.80       72.00        8.59        0.96        0.05        0.00       85.39      157.39
        9.00       10.50       73.50       84.00       78.75        9.39        1.05        0.05        0.00       93.39      172.14
       10.00       11.40       79.80       91.20       85.50       10.20        1.14        0.06        0.00      101.40      186.90
       11.00       12.30       86.10       98.40       92.25       11.01        1.23        0.06        0.00      109.41      201.66
       12.00       12.30       86.10       98.40       92.25       11.01        1.23        0.06        0.00      109.41      201.66
--------------------------------------------------------------------------------
name                              Silver
time_taken_hours                       3
chest_count_in_chest_cycle            60
rare_chance                           12
epic_chance                          500
legendary_chance                   10000
random_spells                          3
       Arena       Cards    Min Gold    Max Gold    Avg Gold     Commons       Rares       Epics     Leggies  Card Worth       Value
        1.00        3.00       15.00       21.00       18.00        2.74        0.25        0.01        0.00       12.99       30.99
        2.00        4.05       20.25       28.35       24.30        3.70        0.34        0.01        0.00       17.54       41.84
        3.00        5.10       25.50       35.70       30.60        4.66        0.42        0.01        0.00       22.09       52.69
        4.00        6.00       30.00       42.00       36.00        5.49        0.50        0.01        0.00       25.99       61.99
        5.00        6.90       34.50       48.30       41.40        6.31        0.57        0.01        0.00       29.89       71.29
        6.00        7.80       39.00       54.60       46.80        7.13        0.65        0.02        0.00       33.78       80.58
        7.00        8.70       43.50       60.90       52.20        7.96        0.72        0.02        0.00       37.68       89.88
        8.00        9.60       48.00       67.20       57.60        8.78        0.80        0.02        0.00       41.58       99.18
        9.00       10.50       52.50       73.50       63.00        9.60        0.88        0.02        0.00       45.48      108.48
       10.00       11.40       57.00       79.80       68.40       10.43        0.95        0.02        0.00       49.38      117.78
       11.00       12.30       61.50       86.10       73.80       11.25        1.02        0.02        0.00       53.27      127.07
       12.00       12.30       61.50       86.10       73.80       11.25        1.02        0.02        0.00       53.27      127.07
--------------------------------------------------------------------------------
name                                Gold
time_taken_hours                       8
chest_count_in_chest_cycle            19
rare_chance                           10
epic_chance                          285
legendary_chance                    5700
random_spells                         10
       Arena       Cards    Min Gold    Max Gold    Avg Gold     Commons       Rares       Epics     Leggies  Card Worth       Value
        1.00       10.00       50.00       70.00       60.00        8.96        1.00        0.04        0.00       66.59      126.59
        2.00       13.50       67.50       94.50       81.00       12.10        1.35        0.05        0.00       89.90      170.90
        3.00       17.00       85.00      119.00      102.00       15.24        1.70        0.06        0.00      113.21      215.21
        4.00       20.00      100.00      140.00      120.00       17.93        2.00        0.07        0.00      133.19      253.19
        5.00       23.00      115.00      161.00      138.00       20.62        2.30        0.08        0.00      153.17      291.17
        6.00       26.00      130.00      182.00      156.00       23.30        2.60        0.09        0.00      173.15      329.15
        7.00       29.00      145.00      203.00      174.00       25.99        2.90        0.10        0.01      193.12      367.12
        8.00       32.00      160.00      224.00      192.00       28.68        3.20        0.11        0.01      213.10      405.10
        9.00       35.00      175.00      245.00      210.00       31.37        3.50        0.12        0.01      233.08      443.08
       10.00       38.00      190.00      266.00      228.00       34.06        3.80        0.13        0.01      253.06      481.06
       11.00       41.00      205.00      287.00      246.00       36.75        4.10        0.14        0.01      273.04      519.04
       12.00       41.00      205.00      287.00      246.00       36.75        4.10        0.14        0.01      273.04      519.04
--------------------------------------------------------------------------------
name                                Star
time_taken_hours                        
chest_count_in_chest_cycle              
rare_chance                           10
epic_chance                          200
legendary_chance                    4000
random_spells                         20
       Arena       Cards    Min Gold    Max Gold    Avg Gold     Commons       Rares       Epics     Leggies  Card Worth       Value
        1.00       20.00      140.00      160.00      150.00       17.89        2.00        0.10        0.01      177.89      327.89
        2.00       27.00      189.00      216.00      202.50       24.16        2.70        0.14        0.01      240.16      442.66
        3.00       34.00      238.00      272.00      255.00       30.42        3.40        0.17        0.01      302.42      557.42
        4.00       40.00      280.00      320.00      300.00       35.79        4.00        0.20        0.01      355.79      655.79
        5.00       46.00      322.00      368.00      345.00       41.16        4.60        0.23        0.01      409.16      754.16
        6.00       52.00      364.00      416.00      390.00       46.53        5.20        0.26        0.01      462.53      852.53
        7.00       58.00      406.00      464.00      435.00       51.90        5.80        0.29        0.01      515.90      950.90
        8.00       64.00      448.00      512.00      480.00       57.26        6.40        0.32        0.02      569.26    1,049.26
        9.00       70.00      490.00      560.00      525.00       62.63        7.00        0.35        0.02      622.63    1,147.63
       10.00       76.00      532.00      608.00      570.00       68.00        7.60        0.38        0.02      676.00    1,246.00
       11.00       82.00      574.00      656.00      615.00       73.37        8.20        0.41        0.02      729.37    1,344.37
       12.00       82.00      574.00      656.00      615.00       73.37        8.20        0.41        0.02      729.37    1,344.37
--------------------------------------------------------------------------------
name                               Magic
time_taken_hours                      12
chest_count_in_chest_cycle             1
rare_chance                            5
epic_chance                           30
legendary_chance                     600
random_spells                         30
       Arena       Cards    Min Gold    Max Gold    Avg Gold     Commons       Rares       Epics     Leggies  Card Worth       Value
        1.00       30.00      300.00      300.00      300.00       22.95        6.00        1.00        0.05    1,552.95    1,852.95
        2.00       40.50      405.00      405.00      405.00       30.98        8.10        1.35        0.07    2,096.48    2,501.48
        3.00       51.00      510.00      510.00      510.00       39.01       10.20        1.70        0.09    2,640.02    3,150.02
        4.00       60.00      600.00      600.00      600.00       45.90       12.00        2.00        0.10    3,105.90    3,705.90
        5.00       69.00      690.00      690.00      690.00       52.79       13.80        2.30        0.12    3,571.78    4,261.78
        6.00       78.00      780.00      780.00      780.00       59.67       15.60        2.60        0.13    4,037.67    4,817.67
        7.00       87.00      870.00      870.00      870.00       66.55       17.40        2.90        0.15    4,503.56    5,373.56
        8.00       96.00      960.00      960.00      960.00       73.44       19.20        3.20        0.16    4,969.44    5,929.44
        9.00      105.00    1,050.00    1,050.00    1,050.00       80.33       21.00        3.50        0.18    5,435.33    6,485.33
       10.00      114.00    1,140.00    1,140.00    1,140.00       87.21       22.80        3.80        0.19    5,901.21    7,041.21
       11.00      123.00    1,230.00    1,230.00    1,230.00       94.09       24.60        4.10        0.20    6,367.09    7,597.09
       12.00      123.00    1,230.00    1,230.00    1,230.00       94.09       24.60        4.10        0.20    6,367.09    7,597.09
--------------------------------------------------------------------------------
name                               Giant
time_taken_hours                      12
chest_count_in_chest_cycle             1
rare_chance                            5
epic_chance                          500
legendary_chance                   10000
random_spells                         70
       Arena       Cards    Min Gold    Max Gold    Avg Gold     Commons       Rares       Epics     Leggies  Card Worth       Value
        1.00       70.00      210.00      210.00      210.00       55.85       14.00        0.14        0.01      335.85      545.85
        2.00       94.50      283.50      283.50      283.50       75.40       18.90        0.19        0.01      453.40      736.90
        3.00      119.00      357.00      357.00      357.00       94.95       23.80        0.24        0.01      570.95      927.95
        4.00      140.00      420.00      420.00      420.00      111.71       28.00        0.28        0.01      671.71    1,091.71
        5.00      161.00      483.00      483.00      483.00      128.46       32.20        0.32        0.02      772.46    1,255.46
        6.00      182.00      546.00      546.00      546.00      145.22       36.40        0.36        0.02      873.22    1,419.22
        7.00      203.00      609.00      609.00      609.00      161.97       40.60        0.41        0.02      973.97    1,582.97
        8.00      224.00      672.00      672.00      672.00      178.73       44.80        0.45        0.02    1,074.73    1,746.73
        9.00      245.00      735.00      735.00      735.00      195.49       49.00        0.49        0.02    1,175.49    1,910.49
       10.00      266.00      798.00      798.00      798.00      212.24       53.20        0.53        0.03    1,276.24    2,074.24
       11.00      287.00      861.00      861.00      861.00      229.00       57.40        0.57        0.03    1,377.00    2,238.00
       12.00      287.00      861.00      861.00      861.00      229.00       57.40        0.57        0.03    1,377.00    2,238.00
--------------------------------------------------------------------------------
name                                Epic
time_taken_hours                      12
chest_count_in_chest_cycle              
rare_chance                            0
epic_chance                            1
legendary_chance                       0
random_spells                         20
       Arena       Cards    Min Gold    Max Gold    Avg Gold     Commons       Rares       Epics     Leggies  Card Worth       Value
        1.00        6.00        0.00        0.00        0.00        0.00        0.00        6.00        0.00    3,000.00    3,000.00
        2.00        8.00        0.00        0.00        0.00        0.00        0.00        8.00        0.00    4,000.00    4,000.00
        3.00       10.00        0.00        0.00        0.00        0.00        0.00       10.00        0.00    5,000.00    5,000.00
        4.00       12.00        0.00        0.00        0.00        0.00        0.00       12.00        0.00    6,000.00    6,000.00
        5.00       13.00        0.00        0.00        0.00        0.00        0.00       13.00        0.00    6,500.00    6,500.00
        6.00       15.00        0.00        0.00        0.00        0.00        0.00       15.00        0.00    7,500.00    7,500.00
        7.00       17.00        0.00        0.00        0.00        0.00        0.00       17.00        0.00    8,500.00    8,500.00
        8.00       19.00        0.00        0.00        0.00        0.00        0.00       19.00        0.00    9,500.00    9,500.00
        9.00       20.00        0.00        0.00        0.00        0.00        0.00       20.00        0.00   10,000.00   10,000.00
       10.00       20.00        0.00        0.00        0.00        0.00        0.00       20.00        0.00   10,000.00   10,000.00
       11.00       20.00        0.00        0.00        0.00        0.00        0.00       20.00        0.00   10,000.00   10,000.00
       12.00       20.00        0.00        0.00        0.00        0.00        0.00       20.00        0.00   10,000.00   10,000.00
--------------------------------------------------------------------------------
name                               Super
time_taken_hours                      24
chest_count_in_chest_cycle             1
rare_chance                            5
epic_chance                           30
legendary_chance                     600
random_spells                        180
       Arena       Cards    Min Gold    Max Gold    Avg Gold     Commons       Rares       Epics     Leggies  Card Worth       Value
        1.00      180.00    1,620.00    1,620.00    1,620.00      137.70       36.00        6.00        0.30    9,317.70   10,937.70
        2.00      243.00    2,187.00    2,187.00    2,187.00      185.90       48.60        8.10        0.41   12,578.90   14,765.90
        3.00      306.00    2,754.00    2,754.00    2,754.00      234.09       61.20       10.20        0.51   15,840.09   18,594.09
        4.00      360.00    3,240.00    3,240.00    3,240.00      275.40       72.00       12.00        0.60   18,635.40   21,875.40
        5.00      414.00    3,726.00    3,726.00    3,726.00      316.71       82.80       13.80        0.69   21,430.71   25,156.71
        6.00      468.00    4,212.00    4,212.00    4,212.00      358.02       93.60       15.60        0.78   24,226.02   28,438.02
        7.00      522.00    4,698.00    4,698.00    4,698.00      399.33      104.40       17.40        0.87   27,021.33   31,719.33
        8.00      576.00    5,184.00    5,184.00    5,184.00      440.64      115.20       19.20        0.96   29,816.64   35,000.64
        9.00      630.00    5,670.00    5,670.00    5,670.00      481.95      126.00       21.00        1.05   32,611.95   38,281.95
       10.00      684.00    6,156.00    6,156.00    6,156.00      523.26      136.80       22.80        1.14   35,407.26   41,563.26
       11.00      738.00    6,642.00    6,642.00    6,642.00      564.57      147.60       24.60        1.23   38,202.57   44,844.57
       12.00      738.00    6,642.00    6,642.00    6,642.00      564.57      147.60       24.60        1.23   38,202.57   44,844.57
--------------------------------------------------------------------------------
name                           Legendary
time_taken_hours                      24
chest_count_in_chest_cycle             1
rare_chance                            0
epic_chance                            0
legendary_chance                       1
random_spells                          1
       Arena       Cards    Min Gold    Max Gold    Avg Gold     Commons       Rares       Epics     Leggies  Card Worth       Value
        1.00        1.00        0.00        0.00        0.00        0.00        0.00        0.00        1.00   20,000.00   20,000.00
        2.00        1.00        0.00        0.00        0.00        0.00        0.00        0.00        1.00   20,000.00   20,000.00
        3.00        1.00        0.00        0.00        0.00        0.00        0.00        0.00        1.00   20,000.00   20,000.00
        4.00        1.00        0.00        0.00        0.00        0.00        0.00        0.00        1.00   20,000.00   20,000.00
        5.00        1.00        0.00        0.00        0.00        0.00        0.00        0.00        1.00   20,000.00   20,000.00
        6.00        1.00        0.00        0.00        0.00        0.00        0.00        0.00        1.00   20,000.00   20,000.00
        7.00        1.00        0.00        0.00        0.00        0.00        0.00        0.00        1.00   20,000.00   20,000.00
        8.00        1.00        0.00        0.00        0.00        0.00        0.00        0.00        1.00   20,000.00   20,000.00
        9.00        1.00        0.00        0.00        0.00        0.00        0.00        0.00        1.00   20,000.00   20,000.00
       10.00        1.00        0.00        0.00        0.00        0.00        0.00        0.00        1.00   20,000.00   20,000.00
       11.00        1.00        0.00        0.00        0.00        0.00        0.00        0.00        1.00   20,000.00   20,000.00
       12.00        1.00        0.00        0.00        0.00        0.00        0.00        0.00        1.00   20,000.00   20,000.00
--------------------------------------------------------------------------------
Silver      180
Gold         52
Magic         4
Giant         4